48596.240000
141090.790000
198715.070000
883431.370000
3251000.770000
67624.530000
1510624.380000
1876416.740000
522760.320000
2736119.450000
278517.610000
108166.200000
4489866.380000
3306897.000000
585142.240000
255633.790000
785217.520000
186361.300000
450160.130000
384937.800000
230550.640000
300660.580000
14714.220000
724309.020000
106887.030000
390277.740000
1043.590000
803714.220000
275894.210000
350562.660000
58920.230000
546163.510000
276549.710000
1079821.700000
60005.260000
441030.380000
679389.790000
383547.680000
369614.540000
1306584.020000
1048837.610000
450888.370000
71631.940000
720925.320000
430967.520000
17083.120000
757009.780000
764103.370000
1147135.600000
56820.090000
231784.160000
104235.550000
672501.920000
68674.780000
107653.710000
386073.660000
588841.400000
441212.160000
253937.240000
345514.020000
70235.490000
717182.790000
1091376.060000
123851.400000
31528.600000
170962.510000
564757.770000
672149.180000
431619.790000
942510.060000
380106.920000
536674.060000
200648.000000
656021.430000
2120866.970000
644480.930000
598762.480000
1462735.720000
2078253.070000
1104230.890000
11989.950000
78749.160000
131700.990000
228642.530000
220901.990000
31564.810000
206459.910000
1130062.250000
283246.900000
163776.560000
129829.390000
155953.280000
1692451.910000
74943.040000
405212.710000
634355.190000
440246.080000
803997.640000
1413197.510000
846709.170000
159678.260000
1514542.450000
57245.180000
20155.090000
165828.980000
901748.950000
251425.180000
112084.310000
12523.730000
949826.540000
208354.750000
13806.430000
255284.120000
152.360000
40048.920000
907769.190000
520266.220000
636157.770000
1221851.890000
1231361.130000
242706.860000
74588.790000
702746.790000
87237.510000
461446.040000
141875.820000
372933.010000
276116.690000
322987.790000
23958.590000
638761.940000
1171149.930000
13720.290000
305955.540000
436502.330000
1904.010000
212353.100000
262457.020000
278013.910000
215296.640000
392685.040000
475426.210000
856761.140000
40660.900000
180639.360000
313953.780000
565071.170000
1560770.160000
173963.150000
1926283.820000
128269.720000
58411.150000
2819.170000
573848.270000
290523.410000
75456.430000
813562.370000
13887.490000
186733.370000
308629.420000
404809.990000
172003.430000
291088.910000
114039.850000
506949.560000
93021.890000
142626.570000
497285.980000
262131.210000
434762.890000
634383.550000
787852.330000
848284.210000
226960.620000
88052.160000
252630.020000
754003.060000
455840.700000
40237.070000
225574.700000
520556.610000
554842.660000
2390661.620000
983027.800000
330874.410000
1306.520000
160471.670000
5485.420000
546544.630000
785567.270000
75827.780000
118061.870000
771348.880000
694479.170000
445160.610000
245054.340000
442794.360000
90233.640000
229086.340000
81137.710000
111707.970000
710054.380000
312089.290000
1159738.670000
451883.430000
926194.480000
271759.500000
26464.450000
589198.460000
321595.360000
47899.940000
1302748.010000
432244.760000
538795.070000
123867.010000
363601.810000
59460.920000
228103.860000
515624.150000
522963.270000
5888.190000
138908.570000
408322.140000
154724.920000
454437.970000
3589.930000
69165.540000
42178.720000
23532.890000
529847.900000
20697.900000
370558.220000
224446.040000
140207.520000
313618.100000
44290.020000
312273.880000
10915.820000
51973.230000
1720.030000
1661707.000000
136711.850000
155165.650000
925889.180000
50845.680000
54921.450000
43843.830000
418073.610000
291612.380000
20993.250000
119535.120000
2586846.500000
777345.950000
1519136.410000
207223.580000
346541.800000
161115.770000
41613.160000
617136.180000
1376092.550000
27118.370000
482056.030000
65365.750000
277459.880000
223602.560000
156106.290000
92005.900000
660983.580000
581513.860000
127664.630000
314027.320000
834050.550000
285567.270000
524155.300000
762442.350000
1239491.040000
58626.210000
109197.230000
214503.830000
360717.170000
13769.050000
966202.040000
1420490.910000
110406.060000
87138.290000
508023.060000
203833.350000
222511.910000
624295.420000
166494.630000
98529.410000
259332.990000
151563.410000
1445659.070000
132756.840000
96245.330000
146923.220000
855663.930000
977206.200000
986334.970000
104725.420000
528619.110000
1332.700000
351584.910000
192183.540000
907750.040000
541262.210000
2210393.090000
72883.150000
290815.650000
410018.410000
835257.690000
890034.380000
624402.970000
351219.980000
474943.490000
378008.670000
894056.540000
313322.600000
385091.050000
53333.480000
217335.600000
506165.700000
36332.490000
382356.180000
226432.060000
461479.490000
1062746.140000
211985.660000
426248.990000
373267.750000
203887.560000
594050.680000
55478.990000
5917.680000
977770.610000
203871.790000
1208741.230000
310133.280000
955450.520000
133999.850000
140924.700000
544138.570000
681461.250000
293832.340000
124698.800000
858546.910000
1560236.390000
232854.980000
1278.800000
502095.170000
474362.100000
806432.040000
168379.420000
627916.760000
651516.780000
199219.420000
1631271.480000
483943.440000
333466.270000
112399.790000
91211.050000
7814.270000
87228.820000
109330.470000
189251.690000
343967.590000
305697.510000
279236.990000
169167.250000
551440.410000
380186.900000
315668.650000
1621969.080000
874785.540000
186548.690000
254190.790000
62551.080000
901831.940000
352081.590000
477681.700000
701269.530000
588697.050000
767665.240000
1620140.680000
117403.010000
114935.690000
126085.240000
314056.610000
188618.500000
1014108.350000
337467.230000
30294.410000
210710.840000
792149.330000
181534.130000
501956.490000
317963.830000
610129.630000
547507.930000
570489.930000
57261.960000
371258.820000
1002528.170000
576333.420000
197801.610000
276236.010000
74875.950000
595954.060000
596635.460000
93743.400000
38308.600000
381010.420000
234912.880000
302228.970000
134003.420000
514034.520000
166.380000
445439.470000
327661.240000
7799.840000
36174.490000
8646.540000
28867.190000
33107.320000
241748.510000
4423.400000
57285.480000
39403.530000
5039.890000
448328.080000
285894.940000
77068.100000
82891.730000
362797.350000
235418.220000
488877.270000
204079.130000
195220.310000
241748.160000
105788.770000
4017.400000
984771.680000
363709.820000
154790.430000
127890.920000
595228.250000
1620109.450000
203595.910000
359098.800000
207428.280000
1298386.340000
984605.690000
130523.840000
250649.220000
322301.600000
85611.090000
6256.860000
10651.990000
38706.550000
285343.710000
156.320000
33021.190000
9166.770000
175543.490000
59442.700000
18231.960000
53942.910000
352698.950000
185081.870000
473249.070000
378050.860000
78019.080000
107710.770000
44626.860000
584066.900000
406880.770000
220791.620000
70537.810000
331596.390000
638544.710000
255355.130000
460596.410000
502403.760000
587989.210000
366861.430000
87970.960000
76718.170000
38363.950000
110308.550000
244796.060000
902282.240000
173417.170000
134052.370000
595512.660000
616696.540000
68985.600000
315216.370000
167503.410000
13739.080000
63377.860000
651597.970000
145281.890000
434110.830000
61032.830000
492005.780000
421648.290000
396145.620000
64498.170000
150207.340000
209657.690000
653267.840000
30597.130000
99519.070000
296644.160000
509457.270000
508776.820000
307587.860000
484474.940000
63842.490000
12612.160000
79893.510000
387412.960000
56255.390000
826901.050000
144914.720000
310574.560000
20673.080000
403813.920000
257717.280000
310026.300000
196083.970000
670594.100000
593094.800000
636158.360000
23557.680000
215916.940000
240573.770000
30673.830000
391877.000000
189586.430000
427012.360000
462219.010000
337060.840000
103318.310000
95223.490000
9659.320000
4429.430000
270006.650000
8187.410000
72972.320000
504419.210000
833970.810000
488840.840000
37030.520000
137197.640000
4297.600000
115161.980000
124492.990000
206664.110000
13726.570000
117192.010000
194009.500000
110707.000000
109954.870000
964769.190000
450532.880000
37979.610000
7018.460000
81894.650000
108135.570000
561276.450000
115873.480000
43976.870000
418285.290000
553151.190000
557264.830000
211208.240000
83450.280000
171151.090000
275531.420000
234967.550000
19542.580000
307212.650000
146574.480000
959454.030000
127402.520000
696499.640000
148164.880000
280646.360000
117110.540000
222176.610000
238834.930000
762687.980000
1011113.690000
19186.820000
174124.920000
166321.260000
51537.250000
39082.440000
211109.130000
73102.520000
281273.030000
525044.050000
323515.890000
642555.580000
110209.800000
784804.750000
21098.180000
249174.380000
666826.810000
233576.310000
171507.270000
652365.360000
185750.850000
239484.330000
308710.450000
180292.390000
35584.020000
771976.610000
180556.090000
117106.130000
814821.360000
135027.240000
367117.040000
13285.210000
6752.390000
14984.730000
82094.000000
298153.800000
163814.150000
468433.590000
206248.260000
76077.880000
196087.800000
520802.480000
966979.890000
124827.820000
655835.490000
178344.910000
55504.410000
350355.380000
417071.150000
15894.740000
312696.820000
203073.770000
72357.620000
122153.690000
564643.170000
174739.620000
728869.200000
52516.620000
89727.950000
546996.220000
107859.350000
305515.930000
478065.800000
321768.770000
294803.150000
15856.210000
1292547.030000
401853.630000
140955.180000
84858.790000
271013.840000
113080.920000
81127.020000
10142.920000
108652.530000
408365.650000
525928.410000
105003.660000
310004.140000
110445.370000
93206.440000
290599.400000
90059.920000
961603.430000
131882.010000
665863.580000
69002.030000
315818.190000
833578.570000
117761.900000
572250.800000
236794.020000
181169.000000
524897.640000
1089561.530000
754694.270000
101997.400000
21343.420000
78616.860000
531019.420000
316433.070000
98607.430000
148174.490000
674822.130000
578316.440000
190251.510000
94979.700000
306322.750000
180332.520000
274792.620000
90720.230000
817768.540000
142698.440000
135414.510000
151918.170000
51576.640000
83543.310000
13768.300000
1681.320000
70115.480000
6678.610000
184136.970000
123440.570000
693117.230000
253568.020000
110536.510000
401006.820000
450754.010000
538283.920000
614918.560000
548432.350000
76451.280000
732988.760000
374369.170000
204163.360000
819371.470000
240332.660000
531982.900000
22766.060000
70539.520000
206022.760000
185969.050000
66953.280000
322605.560000
310167.280000
24286.620000
15833.250000
327238.870000
24582.960000
212801.730000
85453.270000
614607.790000
261327.880000
212139.380000
314396.790000
29681.370000
406205.850000
757355.200000
876874.340000
841391.430000
273001.490000
177629.290000
673964.240000
99373.370000
110995.580000
476202.250000
244413.270000
180720.370000
239347.450000
37112.150000
879739.890000
265462.350000
479666.810000
278335.380000
681276.730000
56368.830000
1662052.390000
28193.950000
632862.560000
207067.200000
386049.650000
197203.250000
61422.990000
323333.870000
39655.480000
164248.960000
415588.170000
395950.260000
323445.260000
98968.240000
1591273.640000
71311.600000
272383.260000
158521.510000
608767.940000
227257.790000
279699.760000
29961.240000
45087.430000
1129779.890000
410520.850000
441415.330000
1335754.110000
1110.030000
355159.070000
101107.490000
52365.720000
377911.770000
743993.440000
481970.160000
91335.680000
108054.560000
369424.450000
1208966.780000
186472.390000
75108.280000
42717.650000
760809.650000
1070651.610000
1362763.550000
675356.500000
238262.090000
194231.880000
191314.370000
113420.850000
90576.160000
104994.580000
126224.360000
441533.570000
202246.450000
145561.020000
620649.410000
81.340000
214574.230000
1331050.670000
699931.840000
133195.750000
78716.900000
1566305.940000
460.500000
295295.190000
162781.690000
112457.500000
168638.970000
154651.960000
276153.150000
262444.600000
74490.130000
535097.030000
343801.560000
4657.630000
403197.770000
139267.550000
1048422.230000
256025.170000
894211.280000
890554.850000
1714603.790000
117414.410000
143484.110000
438849.320000
135734.400000
526429.450000
25600.040000
85415.430000
1264510.450000
1187470.050000
153204.270000
620672.940000
72588.470000
149507.130000
732132.930000
851315.950000
344591.240000
500855.200000
879933.700000
256496.190000
476818.080000
379181.620000
468151.920000
229840.330000
344090.710000
90089.140000
800816.390000
183666.590000
508.690000
431748.690000
185701.370000
879109.130000
1372076.410000
373465.570000
228665.040000
694467.390000
114866.730000
781727.310000
81185.400000
1404718.110000
429073.350000
8708.970000
356160.170000
111490.900000
11526.360000
175658.010000
31216.840000
243163.780000
173234.150000
9999.230000
302296.380000
808930.450000
737723.240000
51558.310000
358738.950000
540795.900000
293.510000
46291.480000
368439.570000
21253.190000
755135.730000
1112019.810000
725373.340000
216977.060000
574143.590000
940290.190000
559642.600000
280175.550000
2356652.340000
631554.230000
779556.390000
76978.850000
64674.680000
224824.040000
106478.250000
120333.720000
95744.010000
188875.560000
152409.110000
249582.950000
214740.980000
104491.130000
328482.840000
162566.670000
204462.870000
264395.730000
93175.430000
755173.600000
109869.980000
151208.910000
123213.750000
42294.880000
178488.410000
490916.050000
168536.530000
825665.770000
368580.370000
1169543.530000
226498.320000
49880.230000
164506.830000
97657.580000
606175.850000
544564.600000
1290200.610000
387331.570000
674750.150000
35735.800000
199387.150000
686647.450000
24984.910000
904557.150000
43887.080000
333200.860000
190131.390000
36772.480000
155479.030000
6994.140000
167939.550000
532810.230000
662585.760000
24770.490000
95969.740000
287925.560000
634371.350000
118285.670000
775167.600000
216585.250000
366040.720000
712304.340000
226801.670000
518288.480000
583505.430000
793638.480000
460785.910000
308209.540000
246047.860000
385225.380000
575182.070000
1152089.260000
590014.660000
154030.350000
1066327.720000
224347.720000
27189.040000
2209.670000
965504.240000
977855.540000
36648.360000
11697.190000
952805.910000
804804.840000
142182.820000
507841.840000
184961.570000
224718.190000
376160.080000
103066.690000
265941.540000
1158086.460000
61067.960000
84542.920000
224691.760000
76166.010000
93948.480000
1108863.120000
325618.010000
299641.860000
253331.100000
80013.230000
173673.660000
488992.050000
530641.580000
103627.380000
34097.090000
576803.190000
1123398.230000
180230.580000
344461.440000
543258.560000
58669.830000
1782041.980000
472096.580000
937169.230000
187175.440000
421257.300000
274537.350000
123600.860000
223427.240000
75457.860000
93045.700000
428458.650000
244322.270000
68649.130000
119763.500000
320077.840000
101069.960000
369357.470000
308643.950000
814173.340000
15831.170000
234112.350000
482001.200000
1235720.730000
157309.310000
23478.560000
283078.020000
160273.990000
302219.120000
410185.390000
579277.230000
577840.770000
141982.150000
48371.470000
1741200.710000
61040.400000
2813413.070000
239754.660000
21973.380000
28247.270000
118632.210000
212792.150000
530434.200000
1244252.260000
309956.920000
131856.950000
17721.390000
121531.060000
116052.760000
296511.850000
171431.440000
299806.510000
298995.550000
488579.180000
771955.160000
83569.150000
1576119.130000
209904.120000
398203.650000
1105252.210000
938814.020000
331300.770000
92288.530000
114540.500000
60706.800000
28304.970000
176331.630000
414574.660000
488074.520000
634786.150000
21537.290000
3393.450000
429892.560000
58756.670000
587799.940000
409644.750000
312753.380000
360645.770000
327522.900000
154323.530000
92471.130000
348662.270000
80666.620000
384472.380000
559641.130000
865222.340000
764217.590000
633820.820000
59611.300000
576792.710000
38045.100000
211790.050000
308811.170000
632974.500000
10853.590000
1891550.330000
562666.370000
141212.230000
225058.720000
395226.070000
341082.320000
659704.330000
20521.380000
8211.590000
3128.730000
25458.540000
45445.700000
59769.160000
2614.340000
62102.780000
47823.960000
27729.930000
107387.120000
132078.750000
52135.400000
7020.560000
28734.040000
26399.310000
47816.590000
24509.840000
22213.370000
8584.860000
25720.650000
58493.620000
15564.660000
16625.970000
71739.620000
84936.990000
101677.360000
67923.520000
166096.120000
1066.670000
94917.730000
104044.710000
204351.710000
57780.420000
8485.010000
68016.340000
18217.900000
100397.280000
14441.190000
13399.890000
228.030000
8322.790000
18257.780000
88241.040000
68260.770000
80496.640000
13299.170000
6736.180000
59748.520000
28958.700000
18163.590000
38688.770000
9358.410000
5198.540000
14374.570000
44265.820000
4473.350000
14327.300000
12412.260000
30177.760000
46401.520000
1062.160000
15111.950000
80464.140000
90753.370000
17785.270000
64014.450000
62265.860000
11680.860000
25204.540000
3434.710000
136133.830000
83838.080000
661.590000
93135.100000
75836.700000
102109.590000
15741.910000
134038.430000
51383.940000
21703.660000
13465.790000
118351.780000
17286.860000
29533.340000
119887.630000
1109.610000
139822.430000
45615.080000
1217.180000
85850.520000
6083.910000
202647.550000
57801.190000
6855.790000
310880.090000
31836.660000
20951.690000
97971.760000
108144.280000
80617.320000
3547.040000
75604.640000
16271.140000
84326.430000
262588.420000
3616.680000
55598.820000
154307.380000
87615.150000
86322.740000
31995.420000
17254.600000
265598.410000
29317.600000
225242.070000
11525.380000
52817.600000
7117.410000
53267.350000
322668.280000
40176.450000
39920.220000
81004.430000
12824.690000
26658.740000
51629.460000
476260.980000
196982.910000
80931.270000
151007.410000
196408.190000
39093.050000
13467.740000
240115.400000
75583.360000
59967.210000
50627.660000
109443.880000
2160.310000
41364.040000
10683.550000
14950.200000
11127.350000
1065954.630000
58406.270000
329739.400000
146096.570000
186165.300000
13208.960000
15913.150000
47598.910000
428397.610000
166796.480000
221985.030000
428643.560000
94456.180000
45802.920000
56899.500000
181538.690000
9491.780000
43088.670000
94654.110000
63665.690000
82394.260000
18927.090000
41141.960000
63827.840000
19708.630000
458005.880000
150987.850000
58165.550000
46918.560000
36309.590000
175597.660000
23534.070000
14331.410000
3958.240000
64933.320000
37836.570000
48510.810000
28805.930000
703674.420000
155741.090000
435216.050000
260303.450000
101336.420000
110430.700000
3162.110000
28280.030000
134554.260000
259147.210000
281001.240000
699264.590000
68651.480000
499007.960000
270858.620000
107339.800000
386947.880000
82610.470000
364957.630000
364332.490000
95931.970000
22604.570000
231965.380000
160224.940000
117658.440000
136500.170000
37005.020000
103034.660000
101326.640000
134057.200000
93296.620000
368010.880000
127938.580000
87366.440000
305635.370000
236330.630000
342163.210000
393422.590000
131708.910000
164532.110000
239374.700000
264186.100000
200177.910000
78881.690000
325555.420000
120716.480000
417290.050000
14237.250000
7081.760000
196915.630000
108298.220000
29666.900000
132749.480000
299032.070000
16496.210000
34603.580000
725387.440000
39367.870000
217025.780000
100794.460000
166375.040000
249771.770000
78884.950000
235656.350000
109668.770000
77514.880000
481926.070000
101839.460000
494395.420000
270974.130000
107073.600000
95372.510000
99295.670000
606734.540000
18492.220000
274021.720000
33677.750000
42751.910000
111504.180000
14478.640000
31355.480000
31780.190000
638336.950000
28041.430000
391465.630000
30750.670000
166205.770000
111572.100000
296710.900000
201413.510000
39146.870000
100190.290000
521209.150000
101980.400000
353292.500000
66950.690000
97335.730000
129892.020000
59860.560000
264918.250000
149249.620000
228387.760000
300580.490000
27265.730000
625406.500000
81855.320000
70607.850000
99819.050000
115863.960000
132091.560000
105569.490000
475666.020000
458.070000
183920.150000
171368.530000
173891.610000
248656.080000
219299.970000
206564.730000
24928.550000
189752.340000
516849.840000
271039.250000
13901.810000
122690.030000
298492.710000
387776.050000
47234.110000
252793.630000
315843.060000
171684.490000
112659.610000
161355.010000
526960.740000
572998.480000
90034.030000
27325.980000
95907.560000
200125.650000
89485.920000
586641.880000
559714.690000
53868.020000
304326.330000
101403.120000
431860.960000
141458.750000
272164.300000
143302.090000
292218.910000
152287.230000
170664.560000
107198.230000
92293.700000
1064408.830000
292565.690000
210149.510000
194938.400000
393759.880000
826560.390000
254111.710000
475807.570000
24508.080000
322037.160000
368846.110000
63094.230000
244935.390000
1416007.380000
208172.600000
94327.410000
8520.250000
613051.910000
221259.910000
110439.380000
553684.440000
124416.690000
167085.120000
137831.660000
91936.340000
34692.400000
790035.270000
315289.610000
573842.410000
171495.630000
291436.340000
85489.150000
69286.700000
448070.810000
214255.470000
211581.140000
119750.250000
116880.490000
179566.260000
202523.800000
646085.080000
820479.640000
182610.780000
152830.200000
153333.590000
262164.820000
3608.050000
11770.120000
33565.950000
192972.830000
529375.800000
223196.080000
256111.140000
408300.060000
74342.070000
348316.940000
151485.790000
779346.800000
754797.630000
38917.630000
23504.810000
286854.690000
1241150.050000
564332.270000
252968.680000
328116.960000
422415.290000
1052769.570000
306066.660000
720132.930000
152959.760000
7275.600000
555641.180000
41420.080000
156873.920000
592774.990000
1495369.290000
936544.290000
38032.460000
841347.370000
462500.950000
56619.260000
121667.900000
33654.430000
320319.230000
714732.070000
28634.450000
307078.680000
127730.270000
138689.160000
406778.830000
56070.530000
345745.080000
806.260000
751018.980000
18413.500000
53942.970000
181970.690000
1206853.880000
82881.810000
337220.530000
167943.910000
304744.830000
147380.130000
494986.920000
737010.210000
203138.130000
120922.530000
33670.730000
401578.630000
316279.470000
356208.180000
210716.650000
356874.930000
124417.490000
210855.970000
132531.550000
513650.340000
96243.380000
23415.590000
81299.470000
43080.960000
236213.310000
4444.620000
216619.810000
144776.260000
249531.610000
423174.550000
41184.380000
323110.360000
543222.100000
294501.310000
270538.890000
14579.660000
854561.990000
283132.280000
307029.880000
409114.120000
245635.060000
585586.650000
51387.460000
73510.350000
112315.050000
428738.930000
653268.250000
541906.050000
138235.760000
116427.650000
43358.240000
112082.020000
118215.590000
607586.460000
197337.890000
389670.070000
466953.850000
689776.740000
595210.810000
80635.370000
905697.760000
175511.900000
778107.800000
109.120000
277017.480000
68430.830000
201589.940000
18229.040000
106371.140000
4167.720000
198334.510000
88728.660000
42563.440000
625510.410000
13127.870000
486120.080000
97084.800000
691383.130000
125091.290000
353654.860000
643255.030000
198343.930000
106370.970000
367224.300000
445698.360000
6017.290000
36464.790000
790935.830000
100966.550000
207808.100000
415704.780000
114926.820000
405522.990000
178053.110000
28684.380000
44849.800000
83145.560000
25920.280000
451129.240000
400607.870000
181594.330000
85359.680000
33702.720000
599818.810000
31497.130000
179764.310000
226973.150000
240616.240000
206019.680000
466516.850000
216194.600000
52153.540000
430645.800000
365375.030000
127451.420000
23507.150000
4410.820000
58395.270000
52582.520000
220068.640000
76242.240000
582604.670000
216520.730000
80781.620000
230043.470000
516669.480000
160134.990000
400920.880000
102240.550000
506570.370000
1003972.040000
3570.650000
109577.190000
689477.160000
122900.820000
226925.550000
7405.090000
176006.860000
260273.740000
89632.860000
234521.440000
296349.720000
252981.840000
52057.080000
1229.050000
6681.450000
251485.170000
114880.720000
217454.260000
132640.470000
196776.260000
846416.370000
37566.040000
75110.020000
723424.230000
97940.470000
386693.740000
73911.330000
153177.620000
558885.560000
129373.550000
278557.170000
1574.500000
58032.340000
529319.070000
964347.600000
220.940000
272423.380000
19798.530000
153070.440000
196436.230000
937086.700000
121825.590000
190251.160000
1166368.050000
437476.400000
153672.100000
316693.580000
215797.770000
57029.400000
38716.050000
3976.430000
389641.510000
469265.030000
134355.720000
309614.390000
165499.330000
436096.510000
227082.150000
818432.330000
309097.110000
40919.710000
228943.150000
385403.060000
7546.480000
52557.090000
510197.260000
51079.370000
56425.300000
201333.350000
63806.870000
670660.950000
153981.460000
705037.290000
658704.360000
880639.850000
135679.430000
50613.390000
180259.600000
72313.910000
8612.010000
369269.320000
247186.790000
58451.880000
20889.210000
47793.810000
327765.180000
12575.240000
118275.090000
729093.350000
283487.970000
136999.860000
399336.120000
475359.690000
174392.150000
528692.610000
134958.750000
130829.190000
384420.940000
15318.380000
273075.130000
62189.160000
751332.160000
61452.360000
92409.980000
216443.240000
144955.890000
205114.170000
64200.060000
6695.770000
1199474.860000
156106.580000
719312.930000
227886.740000
105688.250000
135828.680000
639958.960000
86604.160000
199327.040000
797545.330000
144838.150000
241189.900000
289586.350000
758.160000
256666.110000
305231.450000
51457.630000
27055.680000
134046.500000
735355.660000
220925.770000
182376.610000
33590.950000
246652.110000
141513.960000
6205.100000
780840.060000
105092.250000
143474.120000
158146.630000
315929.350000
958709.950000
187421.070000
65681.270000
399999.500000
359264.520000
3824.520000
959964.790000
60265.500000
299247.880000
278873.690000
118352.890000
1458778.510000
185078.250000
590539.170000
58722.990000
106955.780000
249583.000000
542498.550000
236069.090000
10943.440000
155095.480000
212133.690000
831498.510000
310057.910000
96247.320000
216137.530000
443947.310000
413351.470000
77907.950000
1255032.950000
245341.560000
42577.680000
76106.800000
2263079.170000
4357.040000
156703.230000
147.910000
577183.270000
8741.130000
131989.370000
139504.670000
188211.110000
163982.510000
93541.690000
183507.930000
87610.440000
261984.160000
290974.010000
4891.670000
1218457.100000
125682.300000
264384.250000
360262.700000
103365.820000
701706.930000
404362.510000
112502.430000
42788.550000
419973.720000
7217.830000
675605.870000
307793.590000
55766.140000
692763.030000
134371.350000
5578.120000
1316869.940000
402449.520000
302652.830000
18793.730000
189359.550000
292357.300000
1133637.420000
627828.280000
314755.270000
427871.340000
242933.940000
128398.960000
23356.390000
368624.530000
403495.400000
82812.670000
968773.390000
421113.350000
445475.740000
257055.480000
127256.530000
143891.430000
401016.280000
140043.510000
328404.490000
141963.950000
112765.150000
176806.340000
203777.150000
488276.140000
298724.250000
440315.340000
494615.510000
